Peak Center [Hz],Peak Amplitude [arcsec^2/Hz],FWHM [Hz],offset,Center Variance,Peak Variance,FWHM Variance,Offset Variance,Pointing rms [arcsec],Poitning rms - Error [arcsec]
35.01992768209639,0.0017466521655335877,0.3723888880225867,-6.430551114538244e-07,3.9879145928253614e-05,8.786068280011468e-10,9.795562756651977e-05,3.198277196422572e-11
70.45506127137685,2.2460845685055297e-05,1.1084857527820922,5.031711186082961e-06,0.0009094034357743546,3.923359262063964e-13,0.003558560636133459,9.492780954804785e-14
97.14706290395803,5.6987363509887266e-05,1.0492571928547967,9.80266453934424e-07,0.00020875458307132935,6.41119406412116e-13,0.000783310076622689,1.3777569918951387e-13
106.25134188667559,2.1255733384380164e-05,1.8974498914943208,-6.176644244630126e-07,0.0007912327234868256,1.4245094139453859e-13,0.005189738326239557,1.0268058205211875e-13
120.10470397064488,4.604322809042589e-06,0.12098511464803162,1.2221325613918236e-06,1.7850647307622888e-05,2.5848653887849025e-14,3.807835889408916e-05,2.32562794982499e-16
139.55563948246447,1.1545709592060964e-06,0.9537040822570365,6.783917107540136e-07,0.0011216327108692825,1.6918513174295177e-15,0.003948837266993971,2.987426006366216e-16
179.35897981756528,2.911090183572663e-06,5.6775151165115965,-6.177554115370958e-07,0.006619503791417593,3.69038966365871e-14,0.2090290977383371,4.256061345509824e-14
211.8821608655671,1.2671635443612877e-06,4.897515454261004,3.769217758693243e-08,0.00830489697932518,9.360541726927031e-15,0.23159826276887432,1.0940664446592087e-14
240.1245145187914,2.3331076717312064e-06,0.24147070640654353,2.499651322495272e-07,2.0406669094060116e-05,1.9057675373924734e-15,4.6520386765825836e-05,3.897237025592918e-17
275.70828755318325,2.0386595039502833e-07,0.5194890579436853,1.5279699010562975e-07,0.0006560534442018801,1.014588143277462e-16,0.0017578629061597833,6.064025759860511e-18
324.5778103065131,2.272168515076305e-07,0.7512340312820548,1.5795669188811834e-07,0.001065542429902844,9.863847249325111e-17,0.003292687261986083,1.1021953228441549e-17
